Salon,Cursos
123,null
212,null
305,null
205,null
112,null
307,null
223,null
113,null
307,null
209,null
137,null
301,null
